N_bandits = 10
bandit_probs = [0.1, 0.5, 0.6, 0.8, 0.1, 0.25, 0.6, 0.45, 0.75, 0.65]
N_experiments = 2000
N_episodes = 10000
epsilon = 0.1

exc
reward_avg = 0.7578214500000001
reward_std = 0.12035861765946593

ex3
reward_avg = 0.7409826999999999
reward_std = 0.04537421405060368

fpl
reward_avg = 0.7252675999999999
reward_std = 0.02426983086550049

ucb
reward_avg = 0.77448565
reward_std = 0.016567201606713797

egd
reward_avg = 0.7597751500000001
reward_std = 0.016725830845656067

